       Date (GPS)             x_WGS      y_WGS      z_WGS         xdot       ydot       zdot        x_Ref      y_Ref      z_Ref       xdot_Ref   ydot_Ref   zdot_Ref
1996/10/01  00:05:29.000   -1950622.1  5104997.2 -4581931.3   -1210.8351 -5059.9354 -5119.3057   -1950657.8  5105029.1 -4581931.8   -1211.1919 -5059.7444 -5119.2463
1996/10/01  00:10:29.000   -2249237.2  3370124.9 -5867671.8    -773.5787 -6414.3708 -3382.0750   -2249244.9  3370072.9 -5867622.2    -773.1290 -6414.7055 -3381.5919
1996/10/01  00:15:29.000   -2411673.4  1317001.9 -6577761.1    -306.6822 -7163.8813 -1313.3323   -2411676.5  1316989.1 -6577764.0    -306.4015 -7163.7657 -1313.7257
1996/10/01  00:20:29.000   -2431838.9  -860274.1 -6642865.4     172.2612 -7236.1223   883.8314   -2431879.8  -860299.6 -6642869.8     172.4115 -7236.0679   883.6119
1996/10/01  00:25:29.000   -2308586.0 -2955975.0 -6055967.9     647.8050 -6623.7010  2997.1948   -2308602.9 -2955957.1 -6055960.7     647.4522 -6623.5689  2997.5215
1996/10/01  00:30:29.000   -2045461.9 -4771357.0 -4873479.0    1101.9448 -5381.9272  4821.6463   -2045475.5 -4771339.2 -4873430.8    1101.7301 -5382.0929  4821.5422
1996/10/01  00:35:29.000   -1651588.1 -6133833.0 -3210281.3    1515.2877 -3627.9449  6174.7535   -1651590.9 -6133772.0 -3210271.3    1515.6397 -3627.9430  6174.6805
1996/10/01  00:40:29.000   -1142155.9 -6913493.9 -1229713.8    1867.6492 -1529.5673  6919.3628   -1142389.5 -6913481.0 -1229615.9    1866.4894 -1528.7812  6919.8968
1996/10/01  00:58:01.000    1157741.4 -4557722.1  5327782.7    2244.9077  5526.1986  4244.8196    1158064.0 -4558049.5  5327972.7    2240.7144  5530.7612  4242.0356
1996/10/01  01:03:09.000    1817182.4 -2662860.9  6333621.1    2010.4624  6669.8659  2230.6028    1817145.1 -2662839.8  6333591.8    2010.3891  6669.8310  2231.0910
1996/10/01  01:08:09.000    2365818.2  -576288.9  6678509.8    1621.7088  7128.0629    49.8593    2365903.4  -576299.1  6678512.0    1621.2632  7128.1941    49.7018
1996/10/01  01:13:09.000    2774616.9  1545887.6  6363222.6    1078.2715  6906.8924 -2134.4958    2774538.6  1545897.6  6363156.4    1078.9807  6906.9662 -2134.2809
1996/10/01  01:18:09.000    3000337.9  3502593.3  5419269.6     407.6213  6035.0965 -4106.1961    3000318.5  3502613.7  5419217.3     407.4792  6035.1367 -4106.2180
1996/10/01  01:23:09.000    3009969.3  5110762.9  3940167.0    -354.0004  4603.5005 -5672.1239    3009968.4  5110798.0  3940150.6    -354.1226  4603.2727 -5672.2354
1996/10/01  01:28:09.000    2783491.2  6222967.5  2071934.8   -1147.1907  2754.4837 -6679.5618    2784126.3  6222788.1  2072096.2   -1152.5288  2754.8411 -6677.9192
1996/10/01  01:33:09.000    2321155.7  6740181.8     -437.0   -1923.3504   672.2956 -7024.3276    2321182.9  6740220.3     -443.3   -1923.4303   672.2650 -7024.2551
1996/10/01  01:38:09.000    1639761.9  6622990.5 -2073008.4   -2596.6639 -1441.7585 -6678.3717    1639802.9  6622994.5 -2072986.3   -2597.0235 -1441.8669 -6678.2192
1996/10/01  01:43:09.000     779578.9  5892223.6 -3941521.4   -3105.0052 -3383.1255 -5677.1318     779584.4  5892193.7 -3941526.5   -3104.7463 -3385.7832 -5675.8813
1996/10/01  01:48:09.000    -200403.7  4626726.3 -5422748.2   -3385.6866 -4979.0160 -4118.2960    -200396.9  4626733.5 -5422764.6   -3386.4973 -4978.9019 -4117.8220
1996/10/01  01:53:09.000   -1225167.9  2954332.9 -6371922.2   -3396.9369 -6078.7837 -2157.7970   -1225147.2  2954350.3 -6371884.5   -3397.2711 -6078.7216 -2157.6604
1996/10/01  01:58:09.000   -2209062.7  1038320.4 -6696163.6   -3112.3959 -6592.5328    13.7615   -2209135.6  1038300.2 -6696173.6   -3112.6366 -6592.4289    13.7238
1996/10/01  02:03:09.000   -3063108.8  -938635.6 -6363515.8   -2532.5306 -6483.3213  2186.2210   -3063128.2  -938620.4 -6363555.5   -2532.9158 -6483.2097  2186.0234
1996/10/01  02:08:09.000   -3702066.0 -2791219.6 -5405641.4   -1685.7934 -5772.0591  4147.8839   -3702062.7 -2791237.6 -5405650.1   -1685.9319 -5771.9771  4148.0109
1996/10/01  02:13:09.000   -4053469.8 -4349096.8 -3915294.5    -627.9033 -4535.3233  5706.1765   -4053497.9 -4349087.7 -3915236.4    -627.9487 -4535.2132  5706.3603
1996/10/01  02:18:09.000   -4065891.9 -5472301.4 -2038043.9     558.1607 -2898.5883  6704.5252   -4065929.9 -5472248.1 -2038027.9     558.3494 -2898.5479  6704.5857
1996/10/01  02:23:09.000   -3715972.5 -6064435.0    41037.1    1769.9767 -1025.3920  7039.9867   -3715958.1 -6064476.1    41024.2    1769.5604 -1025.2011  7040.1526
1996/10/01  02:28:09.000   -3013160.4 -6082146.7  2115950.1    2890.2578   900.8600  6677.3889   -3013173.8 -6082136.1  2115958.2    2890.9954   900.4288  6677.0926
1996/10/01  02:33:09.000   -2001797.9 -5537616.3  3980776.4    3809.0450  2692.6152  5650.8691   -2001770.6 -5537625.4  3980757.5    3808.7860  2692.6257  5651.0979
1996/10/01  02:38:09.000    -758392.5 -4496732.6  5450504.8    4423.1715  4183.6293  4065.3010    -758394.6 -4496738.2  5450473.1    4422.4905  4184.2393  4065.5489
1996/10/01  02:43:09.000     613654.0 -3070562.0  6379957.9    4656.5469  5243.0315  2079.8200     613633.8 -3070491.1  6379924.0    4656.4187  5243.3509  2079.6524
1996/10/01  02:48:09.000    1993147.9 -1402732.7  6677891.1    4468.4093  5784.4423  -109.0093    1993101.4 -1402668.3  6677909.2    4468.0824  5784.8021  -109.1753
1996/10/01  02:53:09.000    3251724.2   345097.5  6315742.4    3854.3054  5775.1317 -2284.2568    3251715.3   345137.1  6315722.6    3853.4471  5775.5053 -2285.0362
1996/10/01  02:58:09.000    4266048.3  2009355.8  5329690.8    2849.7883  5234.7431 -4234.2945    4266096.1  2009370.7  5329647.1    2849.4104  5235.2097 -4234.0509
1996/10/01  03:03:09.000    4929965.1  3439853.5  3817288.2    1532.8856  4232.8945 -5764.2007    4929962.2  3439891.0  3817279.3    1532.5644  4232.5864 -5764.5590
1996/10/01  03:08:09.000    5165476.6  4513611.6  1928111.9      14.3311  2877.2734 -6725.5980    5165415.0  4513574.1  1928046.7      14.3886  2877.4786 -6725.6157
1996/10/01  03:13:09.000    4932089.0  5144993.3  -151441.5   -1568.2776  1309.0760 -7022.7092    4932133.2  5145026.7  -151460.2   -1567.9785  1309.3597 -7022.6237
1996/10/01  03:18:09.000    4233043.7  5293301.2 -2216110.2   -3065.2253  -317.1174 -6627.4390    4233188.1  5293327.2 -2216080.7   -3064.8299  -317.4406 -6627.4916
1996/10/01  03:23:09.000    3116481.1  4964054.0 -4062616.0   -4329.9690 -1849.9260 -5580.4922    3116555.8  4964041.9 -4062621.5   -4329.0763 -1850.0127 -5581.1807
1996/10/01  03:28:09.000    1671994.1  4206495.4 -5510006.5   -5231.1391 -3152.0121 -3988.7134    1672047.1  4206470.4 -5509978.6   -5231.3124 -3152.0535 -3988.5166
1996/10/01  03:33:09.000      23905.3  3106708.9 -6416625.2   -5672.7238 -4116.1321 -2006.6180      23979.6  3106738.5 -6416661.9   -5672.7932 -4116.0467 -2006.3679
1996/10/01  03:38:09.000   -1679623.7  1777903.0 -6694083.5   -5595.0148 -4671.2307   172.6604   -1679553.8  1777868.7 -6694082.7   -5595.0902 -4671.1333   172.3398
1996/10/01  03:43:09.000   -3279845.5   348139.4 -6314695.0   -4986.2461 -4786.6506  2337.2178   -3279806.3   348138.7 -6314707.6   -4986.3654 -4786.7775  2336.5660
1996/10/01  03:48:09.000   -4621839.0 -1051132.5 -5314712.4   -3884.4052 -4473.0439  4275.6479   -4621874.5 -1051125.2 -5314714.9   -3884.3111 -4472.9700  4275.7197
1996/10/01  03:53:09.000   -5569574.4 -2297338.6 -3791037.4   -2375.7794 -3777.9313  5798.3602   -5569594.9 -2297381.0 -3791039.8   -2375.7767 -3777.6474  5798.5099
1996/10/01  03:58:09.000   -6019742.9 -3287590.3 -1892764.7    -591.9216 -2781.2940  6751.8304   -6019692.6 -3287553.3 -1892748.3    -591.9093 -2781.5503  6751.7644
1996/10/01  04:03:09.000   -5913669.1 -3946744.3   193034.3    1302.2073 -1590.2840  7037.3353   -5913637.5 -3946716.9   193032.0    1302.3758 -1589.9658  7037.4184
1996/10/01  04:08:09.000   -5245509.0 -4233925.2  2259592.0    3124.6537  -320.8566  6624.4625   -5245513.7 -4233857.2  2259611.2    3124.2488  -321.6458  6624.5888
1996/10/01  04:13:09.000   -4064510.6 -4144067.8  4101779.5    4692.4831   903.8626  5554.1722   -4064523.5 -4144010.6  4101793.6    4692.4974   904.0200  5554.1107
1996/10/01  04:18:09.000   -2471370.3 -3706525.2  5536875.4    5848.3150  1978.8433  3933.0506   -2471478.3 -3706527.9  5536920.8    5847.4130  1979.6115  3933.8996
1996/10/01  04:23:09.000    -609712.4 -2979837.3  6423290.4    6467.8314  2819.6974  1926.1928    -609715.5 -2979883.3  6423287.3    6467.6456  2819.7713  1926.4772
1996/10/01  04:28:09.000    1348375.3 -2044007.1  6673967.2    6482.5431  3367.5545  -268.4615    1348378.4 -2044000.8  6673980.9    6482.4920  3367.6159  -268.6553
1996/10/01  04:33:09.000    3217735.6  -991289.3  6264996.3    5878.6640  3596.7657 -2435.2392    3217699.2  -991243.4  6264965.7    5878.5359  3597.1827 -2435.1796
1996/10/01  04:38:09.000    4818044.1    82799.5  5237130.4    4701.6485  3513.0243 -4359.8478    4818023.1    82815.9  5237108.6    4701.7126  3512.7350 -4360.1451
1996/10/01  04:43:09.000    5991538.0  1088032.4  3692123.5    3054.0409  3146.3427 -5853.9355    5991513.9  1088065.7  3692111.1    3054.3950  3145.7072 -5854.1931
1996/10/01  04:48:09.000    6618604.1  1947267.9  1782625.7    1087.0635  2549.6374 -6769.9214    6618557.6  1947276.9  1782613.3    1087.2253  2549.5629 -6769.9644
1996/10/01  04:53:09.000    6630298.9  2601765.2  -302801.0   -1014.1389  1793.2781 -7017.4688    6630339.7  2601751.7  -302803.2   -1014.4842  1793.1542 -7017.3580
1996/10/01  04:58:09.000    6016585.5  3014761.7 -2358384.5   -3048.8407   952.2624 -6573.5694    6016587.2  3014782.0 -2358416.2   -3049.1409   952.8433 -6573.2240
1996/10/01  05:03:09.000    4827408.0  3172630.2 -4181914.1   -4819.5497   104.3425 -5483.4590    4827357.3  3172660.9 -4181953.1   -4819.6056   104.2899 -5483.3780
1996/10/01  05:08:09.000    3168679.8  3083331.1 -5594589.1   -6153.2398  -684.6005 -3856.8395    3168650.3  3083342.6 -5594604.6   -6153.1892  -684.8537 -3856.8594
1996/10/01  05:13:09.000    1192539.1  2773141.0 -6458285.5   -6918.3055 -1360.2844 -1853.4383    1192479.2  2773172.7 -6458288.1   -6918.1986 -1360.3072 -1853.7002
1996/10/01  05:18:09.000    -917280.4  2282384.9 -6688528.0   -7035.7254 -1884.3426   330.9587    -917315.9  2282395.0 -6688589.2   -7035.6859 -1883.9540   331.2469
1996/10/01  05:23:09.000   -2962020.8  1660183.6 -6262573.4   -6486.4509 -2234.5312  2486.0543   -2962044.7  1660177.7 -6262537.4   -6486.3834 -2234.3494  2486.2844
1996/10/01  05:28:09.000   -4746546.4   959731.8 -5220832.8   -5313.1557 -2405.5497  4401.7211   -4746550.4   959746.4 -5220862.7   -5313.1599 -2405.5804  4401.5676
1996/10/01  05:33:09.000   -6097674.9   234059.8 -3664704.9   -3619.4857 -2405.5376  5887.4741   -6097686.6   234042.3 -3664620.4   -3619.1974 -2405.0372  5887.9347
1996/10/01  05:38:09.000   -6881514.3  -467889.8 -1746171.5   -1561.0439 -2251.0451  6795.4745   -6881507.1  -467875.9 -1746158.9   -1560.9748 -2250.7519  6795.6241
1996/10/01  05:43:09.000   -7017421.2 -1103646.3   345311.3     664.4707 -1968.9502  7030.9543   -7017416.1 -1103593.6   345299.0     665.1157 -1968.4569  7031.0611
1996/10/01  05:48:09.000   -6487323.7 -1639112.2  2402445.7    2842.2680 -1587.8484  6568.7643   -6487325.9 -1639151.2  2402440.6    2842.4193 -1588.2055  6568.5508
1996/10/01  05:53:09.000   -5338296.7 -2049829.1  4221003.3    4756.8815 -1141.7947  5454.1245   -5338307.7 -2049832.6  4221001.0    4757.1774 -1141.0450  5454.0080
1996/10/01  05:58:09.000   -3678160.8 -2320000.6  5620719.5    6221.5552  -657.3209  3799.9550   -3678191.3 -2320017.6  5620701.9    6221.7503  -656.1484  3799.8258
1996/10/01  06:03:09.000   -1664699.6 -2442303.0  6463378.6    7093.8749  -158.8095  1771.9295   -1664703.5 -2442306.4  6463393.8    7093.8417  -158.9517  1771.8155
1996/10/01  06:08:09.000     510295.8 -2416218.8  6666518.8    7289.8119   329.4267  -428.5237     510276.3 -2416287.2  6666503.3    7289.7680   329.3850  -428.5727
1996/10/01  06:13:09.000    2639484.5 -2247372.9  6210740.8    6791.3419   791.2254 -2584.2071    2639492.5 -2247324.0  6210702.8    6791.2738   791.2997 -2584.5936
1996/10/01  06:18:09.000    4520157.5 -1945752.6  5141418.6    5646.2492  1211.5103 -4484.5172    4520194.0 -1945707.8  5141449.8    5646.4100  1211.2261 -4484.4245
1996/10/01  06:23:09.000    5973552.3 -1526289.7  3564508.3    3965.5103  1573.9868 -5941.0209    5973548.2 -1526291.4  3564510.2    3965.4068  1574.0993 -5941.0929
1996/10/01  06:28:09.000    6861960.0 -1008493.3  1635673.7    1910.8744  1864.4829 -6810.7524    6861940.6 -1008514.3  1635674.3    1910.6690  1864.2816 -6810.9191
1996/10/01  06:33:09.000    7102442.9  -416625.0  -454557.7    -318.9526  2065.2471 -7008.3770    7102419.4  -416633.5  -454576.6    -318.8103  2065.3480 -7008.3760
1996/10/01  06:38:09.000    6674769.0   220139.9 -2500072.1   -2507.3526  2160.7563 -6515.3862    6674742.4   220130.8 -2500064.3   -2507.6151  2160.8220 -6515.2891
1996/10/01  06:43:09.000    5622952.9   867759.4 -4299548.7   -4446.2177  2135.3528 -5382.5271    5622954.8   867779.7 -4299552.9   -4446.2893  2135.6036 -5382.3419
1996/10/01  06:48:09.000    4050381.6  1488247.7 -5676615.8   -5952.2447  1977.7297 -3722.9623    4050380.0  1488223.3 -5676636.3   -5952.3349  1977.8713 -3722.7396
1996/10/01  06:53:09.000    2108859.9  2040631.4 -6496734.6   -6886.9273  1681.6241 -1699.8290    2108868.6  2040593.6 -6496729.3   -6887.0970  1681.3132 -1699.5892
1996/10/01  06:58:09.000     -16195.6  2483281.8 -6679717.0   -7167.1420  1247.3643   489.9025     -16201.2  2483254.7 -6679649.7   -7167.1494  1247.5416   490.4390
1996/10/01  07:03:09.000   -2123506.9  2776555.5 -6207060.6   -6770.2192   688.6035  2635.6894   -2123532.9  2776560.6 -6207012.8   -6770.4360   688.6088  2635.1072
1996/10/01  07:08:09.000   -4014702.9  2886336.8 -5124156.9   -5737.9306    28.6026  4525.1097   -4014668.4  2886310.6 -5124097.4   -5737.7931    29.0446  4525.3888
1996/10/01  07:13:09.000   -5512511.8  2787695.2 -3536051.6   -4169.8442  -693.2113  5974.4033   -5512512.0  2787694.6 -3536045.4   -4169.9340  -693.0108  5974.3780
1996/10/01  07:18:09.000   -6478183.7  2469319.9 -1598430.9   -2219.2843 -1426.7843  6835.9393   -6478243.6  2469320.2 -1598411.0   -2219.5196 -1426.5710  6835.8892
1996/10/01  07:23:09.000   -6824991.9  1936651.3   497581.7     -77.7164 -2111.2797  7020.7477   -6824989.3  1936657.2   497606.4     -77.4004 -2110.9340  7020.9028
1996/10/01  07:28:09.000   -6526515.4  1214127.7  2544163.8    2047.1674 -2681.1703  6508.7951   -6526484.7  1214179.5  2544185.8    2046.8432 -2681.1861  6508.8881
1996/10/01  07:33:09.000   -5619339.2   345587.5  4338086.4    3948.2042 -3074.7041  5350.7289   -5619323.5   345612.3  4338118.1    3947.5711 -3075.1038  5350.8829
1996/10/01  07:38:09.000   -4198417.0  -607976.4  5701602.1    5444.4367 -3241.7816  3663.2790   -4198410.8  -607959.8  5701615.2    5445.0929 -3240.3411  3663.6325
1996/10/01  07:43:09.000   -2406364.0 -1572078.7  6500206.9    6400.9273 -3142.0729  1623.5876   -2406373.8 -1572046.3  6500159.6    6403.4296 -3140.8351  1616.1521
1996/10/01  07:48:09.000    -418543.0 -2464431.7  6655572.3    6742.1877 -2761.6386  -588.4245    -418527.3 -2464429.0  6655560.4    6742.0818 -2761.8434  -588.3243
1996/10/01  07:53:09.000    1574743.0 -3202067.4  6153193.6    6441.5614 -2113.6108 -2732.6197    1574752.8 -3202117.3  6153201.4    6441.5469 -2113.3882 -2732.6604
1996/10/01  07:58:09.000    3386444.4 -3709058.1  5043097.2    5543.1411 -1231.9101 -4606.1652    3386415.4 -3709069.1  5043124.6    5543.0417 -1231.8783 -4606.2685
1996/10/01  08:03:09.000    4850290.0 -3923948.3  3435093.3    4144.0136  -180.4332 -6024.6591    4850334.5 -3924087.0  3435102.8    4143.6599  -179.5542 -6024.7481
1996/10/01  08:08:09.000    5836719.4 -3808052.7  1487955.9    2386.6079   958.7995 -6848.2984    5836742.6 -3808126.7  1487982.6    2386.6584   958.9900 -6848.1555
1996/10/01  08:13:09.000    6263985.4 -3350091.1  -605964.5     446.5026  2084.1577 -6995.4438    6264007.6 -3350072.6  -605966.8     446.8955  2083.5211 -6995.6119
1996/10/01  08:18:09.000    6105473.2 -2570111.8 -2640216.3   -1486.7817  3087.7383 -6453.9243    6105456.4 -2570083.2 -2640239.4   -1487.3189  3087.5159 -6453.9367
1996/10/01  08:23:09.000    5390504.4 -1519870.0 -4414772.0   -3233.9726  3869.2186 -5278.3639    5390463.5 -1519861.6 -4414756.2   -3233.8826  3869.0344 -5278.6177
1996/10/01  08:28:09.000    4199854.8  -279650.0 -5755674.0   -4635.1558  4341.1616 -3586.5203    4199813.5  -279672.6 -5755606.9   -4634.8739  4341.2688 -3586.9097
1996/10/01  08:33:09.000    2656316.4  1047722.7 -6531700.9   -5571.0674  4440.8980 -1545.1669    2656230.0  1047606.3 -6531765.9   -5570.5499  4441.6137 -1544.9207
1996/10/01  08:38:09.000     911413.0  2344756.4 -6667338.0   -5967.4371  4139.7230   649.5457     911448.4  2344831.6 -6667320.5   -5968.2979  4138.5186   648.9780
1996/10/01  08:43:09.000    -868638.9  3490669.5 -6148468.1   -5806.6648  3436.1592  2782.4179    -868644.8  3490664.2 -6148465.3   -5806.7411  3436.1750  2782.1655
1996/10/01  08:48:09.000   -2519507.7  4370707.5 -5024881.6   -5116.2326  2377.2176  4646.3823   -2519520.7  4370718.1 -5024983.5   -5116.0474  2376.9156  4646.5131
1996/10/01  08:53:09.000   -3893069.5  4888992.8 -3405949.7   -3974.5967  1041.0213  6057.4484   -3893052.0  4889005.0 -3406041.3   -3974.5192  1040.6936  6057.4378
1996/10/01  08:58:09.000   -4870972.5  4978664.9 -1450308.3   -2501.4566  -459.5722  6872.3313   -4870963.8  4978668.4 -1450308.6   -2501.3048  -459.3586  6872.4388
1996/10/01  09:03:09.000   -5375462.0  4610688.1   649133.1    -845.0179 -1986.3171  7006.9495   -5375475.4  4610702.8   649154.8    -844.9720 -1985.9099  7007.1023
1996/10/01  09:08:09.000   -5375954.1  3799423.4  2684145.1     830.6520 -3389.8988  6446.5369   -5375906.9  3799300.7  2684135.1     831.8928 -3390.8607  6446.0097
1996/10/01  09:13:09.000   -4890138.7  2602643.8  4452577.3    2369.3049 -4531.6879  5245.6240   -4890245.9  2602695.7  4452573.8    2370.3904 -4531.4324  5245.2476
1996/10/01  09:18:09.000   -3981423.2  1119162.5  5779236.8    3632.4080 -5285.5664  3526.1519   -3981473.2  1119166.1  5779250.0    3632.0171 -5285.9079  3525.8684
1996/10/01  09:23:09.000   -2749404.1  -521354.6  6533342.2    4511.6405 -5566.8501  1459.8113   -2749367.7  -521336.8  6533337.5    4511.7316 -5566.7249  1460.0128
1996/10/01  09:28:09.000   -1319072.4 -2168893.8  6641039.8    4946.1007 -5329.8051  -747.3513   -1319121.2 -2168921.2  6641056.3    4946.0829 -5329.6983  -747.4373
1996/10/01  09:33:09.000     171708.0 -3667641.5  6092492.2    4916.3708 -4579.1001 -2879.3007     171726.6 -3667639.4  6092483.1    4916.3498 -4579.1832 -2879.0833
1996/10/01  09:38:09.000    1586649.2 -4870326.4  4942230.6    4447.6707 -3368.8393 -4725.7028    1586643.0 -4870330.5  4942214.8    4447.4740 -3369.2354 -4725.5696
1996/10/01  09:43:09.000    2802575.5 -5653194.4  3304028.8    3603.7187 -1800.3985 -6105.1277    2802597.5 -5653179.8  3303984.7    3603.5325 -1800.6059 -6105.1626
1996/10/01  09:48:09.000    3720773.4 -5928740.3  1339659.3    2480.4109   -13.6248 -6881.7316    3720755.6 -5928724.2  1339616.4    2480.2336   -13.1771 -6881.7832
1996/10/01  09:53:09.000    4274458.3 -5655834.6  -756897.7    1194.5935  1826.6408 -6979.2100    4274454.2 -5655810.4  -756938.4    1194.3916  1826.6608 -6979.2339
1996/10/01  09:58:09.000    4433664.8 -4845187.9 -2778949.9    -128.4948  3542.3843 -6389.3810    4433691.6 -4845166.7 -2778957.5    -128.5983  3542.3828 -6389.3326
1996/10/01  10:03:09.000    4205630.4 -3559675.1 -4527645.7   -1368.8191  4965.6333 -5172.1929    4205717.7 -3559724.6 -4527622.7   -1367.9166  4965.5202 -5172.3368
1996/10/01  10:08:09.000    3631849.9 -1909753.3 -5831623.8   -2420.0353  5951.7735 -3450.5684    3631849.2 -1909573.8 -5831617.5   -2419.0021  5952.7774 -3449.5185
1996/10/01  10:13:09.000    2781209.7   -42268.9 -6563542.3   -3202.2413  6399.7290 -1389.8098    2781217.5   -42247.3 -6563542.0   -3202.0805  6399.7875 -1389.8258
1996/10/01  10:18:09.000    1742511.8  1870543.4 -6651833.4   -3670.1399  6249.8965   799.5031    1742517.1  1870525.2 -6651781.1   -3667.0441  6250.8860   806.7541
1996/10/01  10:23:09.000     614806.0  3648382.3 -6087041.3   -3794.9962  5504.7236  2927.6592     614793.3  3648373.7 -6087105.9   -3795.0017  5504.7766  2927.3611
1996/10/01  10:28:09.000    -501829.8  5119018.1 -4923731.6   -3598.4794  4216.4805  4764.1193    -501829.3  5118999.1 -4923752.2   -3597.3309  4216.5749  4764.9180
1996/10/01  10:33:09.000   -1514843.8  6134886.0 -3274823.9   -3112.6975  2495.7734  6137.2768   -1514840.1  6134886.7 -3274828.4   -3112.7696  2495.6338  6137.2021
1996/10/01  10:38:09.000   -2346932.7  6588578.6 -1302067.6   -2402.1518   497.5871  6905.6401   -2346876.1  6588596.2 -1302037.7   -2402.5877   497.9879  6905.4104
1996/10/01  10:43:09.000   -2941506.2  6424840.9   799769.6   -1543.6930 -1587.1366  6989.9012   -2941504.8  6424875.3   799803.7   -1543.7843 -1587.2009  6989.8204
1996/10/01  10:48:09.000   -3266720.1  5647880.8  2822242.2    -620.1176 -3556.3009  6380.3332   -3266739.4  5647895.5  2822198.6    -620.8441 -3556.4658  6380.0891
1996/10/01  10:53:09.000   -3315982.7  4322277.3  4564315.5     283.5506 -5214.3888  5137.1489   -3315907.7  4322235.4  4564333.3     283.4755 -5214.3207  5137.2853
1996/10/01  10:58:09.000   -3105917.9  2567313.0  5853610.1    1090.1905 -6393.4396  3390.0825   -3105843.3  2567238.0  5853618.4    1096.4524 -6394.3925  3386.6529
1996/10/01  11:03:09.000   -2672815.9   545403.2  6562960.4    1761.6292 -6976.5567  1303.4186   -2672896.6   545588.3  6562958.3    1761.4828 -6976.5230  1303.4024
1996/10/01  11:08:09.000   -2067418.1 -1552459.8  6622937.4    2241.0522 -6898.4359  -905.7657   -2067540.5 -1552415.0  6623011.9    2241.3115 -6898.1702  -905.9637
1996/10/01  11:13:09.000   -1348404.2 -3527118.7  6028544.0    2518.6637 -6160.0168 -3023.7818   -1348435.5 -3527112.0  6028549.9    2518.4976 -6159.9390 -3023.9453
1996/10/01  11:18:09.000    -576647.3 -5188579.4  4838689.6    2594.2392 -4825.5236 -4842.6945    -576672.6 -5188597.7  4838687.7    2593.8914 -4825.8624 -4842.4688
1996/10/01  11:23:09.000     189286.2 -6375152.7  3171045.6    2484.9588 -3017.8649 -6182.2165     189304.3 -6375122.9  3171072.5    2483.7265 -3018.3372 -6182.5348
1996/10/01  11:28:09.000     897820.1 -6969166.8  1190408.7    2215.9254  -907.6236 -6912.0285     897775.6 -6969171.3  1190432.9    2215.9374  -907.5971 -6911.9832
1996/10/01  11:33:09.000    1506688.0 -6909479.2  -907680.1    1825.9735  1304.3407 -6959.3932    1506642.2 -6909513.8  -907673.4    1826.0048  1304.4348 -6959.3067
1996/10/01  11:38:09.000    1984971.2 -6197731.8 -2916409.2    1352.8376  3404.6642 -6321.3003    1985026.8 -6197733.6 -2916396.8    1352.5184  3404.6019 -6321.3859
1996/10/01  11:43:09.000    2313597.0 -4898245.0 -4638270.0     833.0285  5190.5494 -5063.3064    2313569.4 -4898277.2 -4638277.1     833.0489  5190.5751 -5063.2176
1996/10/01  11:48:09.000    2483667.6 -3132082.2 -5904667.6     300.7223  6491.0530 -3310.0369    2483618.4 -3132098.4 -5904668.9     300.9958  6491.0337 -3310.0258
1996/10/01  11:53:09.000    2495691.8 -1064853.0 -6591848.1    -215.5474  7181.4617 -1233.5332    2495674.9 -1064855.7 -6591864.2    -216.1863  7181.4307 -1233.5553
1996/10/01  11:58:09.000    2357575.4  1108818.6 -6632571.4    -697.3768  7194.4973   964.1295    2357539.7  1108811.2 -6632588.1    -697.2080  7194.4422   964.6728
1996/10/01  12:03:09.000    2082617.0  3183404.6 -6022203.2   -1125.6947  6525.7456  3071.0748    2082600.3  3183397.4 -6022213.4   -1125.8360  6525.4769  3071.6090
1996/10/01  12:08:09.000    1688555.6  4961640.2 -4819479.7   -1489.0008  5233.6357  4881.4838    1688577.6  4961619.4 -4819430.9   -1489.1197  5233.7646  4881.3369
1996/10/01  12:13:09.000    1196860.1  6273172.1 -3141218.9   -1776.0659  3438.8658  6214.0351    1196799.3  6273161.8 -3141255.7   -1775.7101  3438.8358  6214.1192
1996/10/01  12:18:09.000     631888.8  6991582.4 -1152378.8   -1974.8561  1311.0799  6934.9189     631904.5  6991538.2 -1152366.8   -1974.7770  1311.2830  6934.8609
1996/10/01  12:23:09.000      21736.9  7047244.7   950747.5   -2075.8677  -943.0249  6968.6863      21744.3  7047216.1   950734.0   -2075.7486  -942.9405  6968.6919
1996/10/01  12:28:09.000    -602736.4  6435130.4  2959417.3   -2069.2179 -3103.0774  6310.6934    -602739.5  6435157.3  2959406.0   -2068.7343 -3103.6542  6310.5076
1996/10/01  12:33:09.000   -1207941.9  5215608.0  4674206.9   -1945.9884 -4959.8218  5026.5453   -1207891.1  5215549.3  4674218.5   -1945.7854 -4960.1984  5026.2721
1996/10/01  12:38:09.000   -1758181.1  3507515.4  5925367.4   -1703.3334 -6333.5244  3245.8482   -1758151.4  3507475.9  5925344.3   -1702.4096 -6334.0477  3245.4179
1996/10/01  12:43:09.000   -2217302.5  1476438.7  6589510.3   -1339.7291 -7096.3523  1146.2721   -2217330.9  1476470.9  6589515.6   -1339.2118 -7096.4524  1146.0282
1996/10/01  12:48:09.000   -2550325.8  -682247.5  6601845.3    -864.2388 -7179.6532 -1063.8189   -2550438.1  -682247.5  6601874.2    -863.9144 -7179.5932 -1063.9155
1996/10/01  12:53:09.000   -2726134.7 -2762907.9  5961867.9    -293.4677 -6581.4550 -3166.8957   -2726110.2 -2762934.5  5961893.2    -293.2748 -6581.4088 -3166.9505
1996/10/01  12:58:09.000   -2719527.2 -4569012.0  4733130.7     345.5478 -5364.7145 -4956.5765   -2719553.4 -4569046.5  4733159.5     345.4941 -5364.7403 -4956.4600
1996/10/01  13:03:09.000   -2515712.5 -5931893.1  3037134.0    1014.6970 -3650.8265 -6256.5421   -2515774.6 -5931931.6  3037144.9    1014.3270 -3651.2013 -6256.3068
1996/10/01  13:08:09.000   -2112653.4 -6726871.8  1041348.4    1664.8120 -1610.1383 -6938.4364   -2112691.4 -6726861.0  1041366.0    1665.5980 -1609.6309 -6938.3189
1996/10/01  13:13:09.000   -1523553.3 -6884861.2 -1057170.1    2245.5423   560.9880 -6935.5834   -1523565.6 -6884807.3 -1057157.5    2245.3157   560.6317 -6935.7607
1996/10/01  13:18:09.000    -778183.9 -6398528.2 -3051593.5    2698.3195  2650.2846 -6250.3535    -778224.3 -6398581.9 -3051588.5    2697.9474  2650.2946 -6250.4728
1996/10/01  13:23:09.000      77258.1 -5322545.5 -4745875.7    2972.2874  4461.6135 -4952.1432      77319.5 -5322554.6 -4745929.8    2972.0732  4461.7744 -4952.0749
1996/10/01  13:28:09.000     983115.9 -3766088.2 -5974254.4    3026.9879  5828.2288 -3169.2109     982951.3 -3766139.9 -5974271.0    3026.0123  5828.5732 -3169.5804
1996/10/01  13:33:09.000    1868247.4 -1882139.0 -6616621.9    2832.0496  6630.1533 -1077.7668    1868156.1 -1882141.9 -6616618.8    2832.8818  6629.9053 -1077.4480
1996/10/01  13:38:09.000    2657096.6   148478.1 -6610043.7    2384.5660  6800.1022  1120.3229    2657114.1   148468.2 -6610039.1    2384.8328  6799.8760  1121.3550
1996/10/01  13:43:09.000    3274925.0  2133759.2 -5954464.4    1696.3295  6331.7503  3213.5029    3274925.5  2133771.2 -5954484.4    1696.2967  6331.7065  3213.6534
1996/10/01  13:48:09.000    3654616.9  3888751.2 -4713038.4     805.7124  5277.9278  4994.4367    3654626.8  3888717.5 -4713056.7     805.9242  5277.6374  4994.7729
1996/10/01  13:53:09.000    3744476.8  5252277.9 -3006627.0    -223.7029  3744.9259  6287.4399    3744498.4  5252315.0 -3006610.0    -223.5540  3744.7265  6287.5430
1996/10/01  13:58:09.000    3514878.5  6102810.4 -1002708.1   -1308.6124  1886.0135  6960.6330    3514897.9  6102831.7 -1002697.9   -1308.5085  1885.6492  6960.7031
1996/10/01  14:03:09.000    2963588.7  6369436.1  1100579.8   -2351.1367  -115.6749  6944.1652    2963616.8  6369409.4  1100602.8   -2351.0725  -115.9827  6944.1488
1996/10/01  14:08:09.000    2118721.5  6038561.5  3094566.2   -3249.0040 -2064.6906  6238.0038    2118754.2  6038550.8  3094592.0   -3248.8600 -2064.8485  6237.9922
1996/10/01  14:13:09.000    1038409.8  5154469.5  4781334.4   -3907.2495 -3771.5746  4914.6374    1038417.3  5154471.5  4781310.6   -3906.0714 -3774.9830  4913.0815
1996/10/01  14:18:09.000    -192944.5  3813385.2  5993787.2   -4244.5428 -5088.8513  3103.2356    -192905.2  3813290.7  5993760.3   -4244.3413 -5089.3057  3102.9488
1996/10/01  14:23:09.000   -1471008.1  2151975.7  6612536.6   -4212.0446 -5894.3533   988.1758   -1470987.6  2151974.6  6612552.5   -4211.7124 -5894.5392   988.4937
1996/10/01  14:28:09.000   -2680843.6   333790.0  6577292.1   -3788.9611 -6129.8797 -1221.0142   -2680789.2   333735.9  6577328.3   -3788.8689 -6129.9632 -1220.9737
1996/10/01  14:33:09.000   -3706863.2 -1468346.3  5892217.5   -2992.6995 -5790.6707 -3308.0097   -3706856.9 -1468344.2  5892245.6   -2992.7489 -5790.6110 -3308.0864
1996/10/01  14:38:09.000   -4444412.6 -3087885.6  4625320.2   -1877.4909 -4925.3221 -5067.9231   -4444389.2 -3087894.9  4625323.0   -1877.3042 -4925.5245 -5067.8030
1996/10/01  14:43:09.000   -4810076.8 -4380661.4  2901839.4    -530.7363 -3631.5397 -6327.0252   -4810057.0 -4380667.5  2901790.9    -530.9850 -3631.7952 -6326.8973
1996/10/01  14:48:09.000   -4751428.2 -5237505.7   891709.7     929.6839 -2044.5594 -6961.2265   -4751484.0 -5237516.4   891870.9     929.6884 -2044.3144 -6961.2311
1996/10/01  14:53:09.000   -4254298.4 -5593699.3 -1205977.2    2370.1953  -321.8300 -6908.8668   -4254231.5 -5593726.9 -1206042.7    2370.3260  -321.7809 -6908.8390
1996/10/01  14:58:09.000   -3345216.5 -5433683.3 -3185220.7    3651.7302  1370.4309 -6176.5761   -3345227.2 -5433693.4 -3185213.2    3651.9029  1370.0135 -6176.5312
1996/10/01  15:03:09.000   -2092071.5 -4790449.3 -4851218.4    4644.5011  2875.4037 -4839.0388   -2092007.6 -4790451.1 -4851195.7    4645.0768  2875.3322 -4838.5382
1996/10/01  15:08:09.000    -597724.4 -3740284.5 -6040962.0    5242.8697  4063.5437 -3028.3187    -597778.2 -3740344.3 -6040894.8    5243.4074  4063.3563 -3027.6214
1996/10/01  15:13:09.000    1007138.2 -2393818.4 -6638130.5    5374.1728  4838.6369  -920.8507    1007118.8 -2393819.5 -6638093.2    5373.9327  4838.9730  -920.8582
1996/10/01  15:18:09.000    2576416.7  -883666.7 -6584272.3    5004.7186  5148.7808  1277.6261    2576446.0  -883670.8 -6584223.4    5004.6369  5148.9731  1277.4656
1996/10/01  15:23:09.000    3961096.4   647947.9 -5883834.2    4149.1304  4984.2561  3353.8869    3961112.7   647946.0 -5883814.7    4149.0406  4984.2319  3354.1076
1996/10/01  15:28:09.000    5023120.0  2062668.6 -4604333.6    2868.0178  4378.6413  5105.5127    5023142.4  2062649.4 -4604358.7    2867.6790  4378.6132  5105.7155
1996/10/01  15:33:09.000    5649483.0  3238201.3 -2870463.2    1265.8826  3405.3676  6357.6455    5649546.4  3238203.8 -2870493.3    1265.8550  3404.9671  6357.8241
1996/10/01  15:38:09.000    5764795.7  4079180.4  -852564.4    -513.2628  2168.2787  6983.0240    5764816.6  4079221.3  -852561.2    -513.5108  2167.9502  6983.0636
1996/10/01  15:43:09.000    5340438.0  4525168.5  1249904.0   -2302.6690   793.7290  6916.0613    5340443.3  4525185.8  1249891.1   -2302.5734   793.3123  6916.1512
1996/10/01  15:48:09.000    4399916.0  4554804.7  3228237.2   -3925.6607  -585.8381  6162.3026    4399906.2  4554810.1  3228199.7   -3925.6794  -585.5384  6162.3310
1996/10/01  15:53:09.000    3018017.5  4186162.9  4885901.1   -5222.3716 -1839.3060  4793.9963    3018162.4  4186182.3  4885969.7   -5218.5050 -1841.8599  4797.3913
1996/10/01  15:58:09.000    1315433.5  3472767.1  6059094.3   -6045.9563 -2868.5689  2959.0399    1315480.0  3472760.4  6059119.7   -6046.0272 -2868.5049  2958.8459
1996/10/01  16:03:09.000    -553563.6  2496001.4  6632236.9   -6316.6319 -3587.1785   829.9697    -553579.2  2495980.1  6632190.1   -6316.5705 -3587.2921   830.3306
1996/10/01  16:08:09.000   -2414650.2  1355697.8  6549371.1   -5990.9697 -3953.8062 -1377.5788   -2414646.2  1355711.5  6549356.5   -5990.8564 -3953.9934 -1377.5822
1996/10/01  16:13:09.000   -4090016.6   159861.8  5819491.5   -5086.7001 -3959.0468 -3447.3535   -4090009.4   159825.7  5819460.6   -5086.2024 -3959.3897 -3447.7562
1996/10/01  16:18:09.000   -5415646.0  -986074.9  4514950.8   -3676.6615 -3627.1957 -5176.5211   -5415662.0  -986072.7  4514927.6   -3676.2165 -3627.2422 -5176.7948
1996/10/01  16:23:09.000   -6257609.4 -1987876.5  2764699.3   -1885.2407 -3009.7948 -6394.4387   -6257537.3 -1987907.2  2764688.2   -1885.5784 -3009.7020 -6394.4772
1996/10/01  16:28:09.000   -6525388.9 -2770710.4   741589.1     120.1858 -2180.6757 -6980.7454   -6525382.7 -2770701.1   741596.5     120.4712 -2180.6827 -6980.7375
1996/10/01  16:33:09.000   -6182647.7 -3283857.5 -1354637.5    2151.8225 -1227.0887 -6878.5452   -6182722.6 -3283878.8 -1354663.1    2151.6410 -1227.4089 -6878.4184
1996/10/01  16:38:09.000   -5251574.8 -3503833.0 -3317554.1    4011.8236  -240.8740 -6099.3995   -5251538.1 -3503837.5 -3317552.5    4011.9037  -240.8522 -6099.3398
1996/10/01  16:43:09.000   -3810888.6 -3433694.0 -4954319.5    5519.8785   693.1010 -4722.1746   -3810935.3 -3433643.5 -4954277.0    5519.7158   693.6246 -4722.3048
1996/10/01  16:48:09.000   -1990010.4 -3100139.8 -6104628.6    6526.0226  1504.3556 -2883.6932   -1990018.2 -3100138.7 -6104641.1    6525.9937  1503.9655 -2883.7758
1996/10/01  16:53:09.000      44008.6 -2549080.9 -6656296.6    6927.8275  2136.9202  -763.7039      44042.9 -2549114.9 -6656270.3    6927.9579  2136.4989  -763.3883
1996/10/01  16:58:09.000    2101383.6 -1839383.6 -6554984.5    6678.2228  2558.2533  1433.4108    2101383.9 -1839394.5 -6555014.2    6678.2139  2558.1678  1433.3352
1996/10/01  17:03:09.000    3986833.8 -1036610.4 -5810004.7    5789.6130  2757.0446  3492.4658    3986868.3 -1036622.3 -5809991.5    5789.4834  2756.3863  3493.2126
1996/10/01  17:08:09.000    5518344.7  -207303.8 -4493134.6    4338.5698  2739.6420  5210.1218    5518333.4  -207339.8 -4493065.6    4335.2595  2737.3722  5214.3101
1996/10/01  17:13:09.000    6544284.4   586150.9 -2732603.4    2445.4205  2523.0467  6425.2920    6544326.9   586264.5 -2732611.8    2445.6404  2523.4109  6424.9660
1996/10/01  17:18:09.000    6959756.1  1290714.8  -701682.7     297.5763  2149.4397  7001.7552    6959743.8  1290662.9  -701678.0     297.3126  2149.2857  7001.8275
1996/10/01  17:23:09.000    6717464.8  1863989.7  1398806.1   -1902.6704  1657.3808  6884.7718    6717505.2  1864102.9  1398822.1   -1902.8138  1657.9427  6884.4601
1996/10/01  17:28:09.000    5834525.0  2278426.4  3360395.6   -3938.7641  1096.4077  6083.3055    5834480.9  2278338.1  3360382.1   -3939.1873  1095.6363  6083.3095
1996/10/01  17:33:09.000    4390592.0  2518941.5  4988288.0   -5611.1372   506.7196  4678.8709    4390567.9  2518873.3  4988287.3   -5611.0405   507.0243  4679.0012
1996/10/01  17:38:09.000    2520956.3  2583862.6  6121478.2   -6753.7972   -68.2443  2812.9779    2520943.5  2583862.6  6121457.1   -6753.8114   -68.7601  2812.9463
1996/10/01  17:43:09.000     402623.8  2482025.6  6648451.8   -7255.5220  -600.3154   671.4176     402602.1  2482051.6  6648424.1   -7255.4763  -600.4880   671.4381
1996/10/01  17:48:09.000   -1763102.3  2230243.5  6517920.0   -7066.6301 -1064.9325 -1533.3894   -1763046.5  2230276.5  6517933.2   -7066.4099 -1065.4037 -1533.7726
1996/10/01  17:53:09.000   -3769594.1  1851029.0  5743526.4   -6203.2404 -1447.9666 -3585.9995   -3769609.5  1851031.4  5743517.3   -6203.1719 -1448.2933 -3585.9198
1996/10/01  17:58:09.000   -5425432.8  1370471.2  4401951.3   -4747.0535 -1739.2962 -5283.4933   -5425455.3  1370459.0  4401970.1   -4746.9399 -1739.7286 -5283.3425
1996/10/01  18:03:09.000   -6572245.3   816854.4  2625841.8   -2836.5746 -1934.4457 -6458.8074   -6572207.3   816896.3  2625872.1   -2836.5610 -1934.2169 -6458.8862
1996/10/01  18:08:09.000   -7100254.8   219940.3   590638.7    -655.6603 -2028.3962 -6996.7745   -7100252.8   219943.2   590628.4    -655.7047 -2028.6044 -6996.6764
1996/10/01  18:13:09.000   -6959625.1  -390050.1 -1502877.1    1585.0452 -2021.1112 -6844.4336   -6959620.2  -390073.2 -1502895.3    1585.0803 -2021.0885 -6844.4177
1996/10/01  18:18:09.000   -6164832.4  -982433.6 -3448474.4    3669.0208 -1910.0325 -6019.9002   -6164839.2  -982430.1 -3448469.4    3670.0914 -1910.8128 -6018.8828
1996/10/01  18:23:09.000   -4793097.1 -1526377.8 -5054988.7    5400.4044 -1697.7839 -4603.9335   -4793140.7 -1526306.5 -5055041.9    5400.5813 -1698.0500 -4603.4266
1996/10/01  18:28:09.000   -2976340.1 -1991210.1 -6165415.2    6614.2310 -1384.5118 -2738.3709   -2976353.2 -1991208.1 -6165405.8    6614.1515 -1384.8685 -2738.1815
1996/10/01  18:33:09.000    -887736.4 -2347689.1 -6671098.8    7199.0175  -976.4424  -605.4287    -887724.3 -2347688.6 -6671098.2    7198.9766  -976.4624  -605.2340
1996/10/01  18:38:09.000    1274692.9 -2568553.3 -6522438.0    7102.5851  -482.5819  1588.8836    1274697.8 -2568560.0 -6522422.7    7102.5731  -483.0422  1588.7365
1996/10/01  18:43:09.000    3306564.4 -2630723.0 -5733165.9    6335.5034    78.4440  3630.9186    3306557.9 -2630720.6 -5733094.3    6335.6709    78.0112  3630.7421
1996/10/01  18:48:09.000    5016212.6 -2517556.4 -4379343.7    4971.8441   680.8320  5320.3480    5016217.0 -2517584.7 -4379323.0    4971.8705   680.4283  5320.3558
1996/10/01  18:53:09.000    6242964.5 -2221921.1 -2593127.7    3142.1123  1288.7073  6488.8442    6242939.8 -2221874.6 -2593160.8    3142.2478  1288.4509  6488.8331
1996/10/01  18:58:09.000    6872676.1 -1748325.4  -550276.5    1024.0350  1857.4272  7017.1732    6872642.0 -1748343.4  -550275.9    1024.3848  1858.0016  7016.9311
1996/10/01  19:03:09.000    6849441.4 -1115837.5  1547167.9   -1174.2294  2340.0710  6849.0830    6849416.7 -1115842.5  1547165.5   -1174.7580  2339.8490  6849.1155
1996/10/01  19:08:09.000    6181243.5  -358142.1  3490925.3   -3240.7018  2684.4363  6000.8635    6181171.5  -358179.5  3490928.8   -3240.5970  2684.4199  6001.0182
1996/10/01  19:13:09.000    4938520.2   476672.9  5088145.2   -4959.1097  2851.3363  4571.6966    4938396.8   476617.5  5088088.0   -4974.2873  2847.4330  4558.0575
1996/10/01  19:18:09.000    3246256.0  1328760.9  6180630.5   -6213.2708  2795.7281  2665.4654    3246229.6  1328719.1  6180653.7   -6213.4282  2795.3529  2665.4683
1996/10/01  19:23:09.000    1271049.1  2130442.3  6661199.8   -6847.2114  2510.8394   512.1799    1271057.9  2130447.8  6661207.5   -6847.4262  2510.0985   512.0667
1996/10/01  19:28:09.000    -796491.1  2811474.4  6483097.3   -6826.3451  1992.4688 -1689.2068    -796491.8  2811487.7  6483084.1   -6826.2078  1992.6586 -1689.3173
1996/10/01  19:33:09.000   -2760233.8  3305045.2  5664556.5   -6162.9467  1265.1172 -3722.2518   -2760252.6  3304990.4  5664510.0   -6162.8819  1265.4392 -3722.3334
1996/10/01  19:38:09.000   -4437181.6  3554203.0  4286656.9   -4931.0727   373.1658 -5387.2039   -4437193.1  3554161.9  4286613.4   -4931.0739   373.0329 -5387.2537
1996/10/01  19:43:09.000   -5674560.3  3518745.4  2485558.6   -3257.6378  -619.0548 -6520.0659   -5674591.1  3518771.9  2485548.2   -3257.5763  -619.1975 -6520.0367
1996/10/01  19:48:09.000   -6364256.2  3180891.0   439202.6   -1309.7161 -1629.0344 -7009.0815   -6364228.6  3180814.7   439186.7   -1309.7713 -1629.3864 -7009.0383
1996/10/01  19:53:09.000   -6452105.0  2548489.7 -1650497.2     721.7966 -2566.5564 -6806.5986   -6452099.1  2548488.6 -1650521.2     721.4580 -2566.0649 -6806.8424
1996/10/01  19:58:09.000   -5942527.8  1657769.8 -3577748.1    2641.2869 -3337.1197 -5935.3438   -5942520.5  1657769.8 -3577750.9    2641.5785 -3337.1020 -5935.2016
1996/10/01  20:03:09.000   -4896162.4   571182.2 -5153286.4    4272.6753 -3859.2965 -4481.7982   -4896197.5   571177.0 -5153296.7    4272.3700 -3859.2370 -4481.9850
1996/10/01  20:08:09.000   -3422662.9  -626215.4 -6223011.7    5468.9728 -4066.6319 -2591.1866   -3422689.5  -626237.4 -6223019.1    5468.7804 -4066.8597 -2590.9087
1996/10/01  20:13:09.000   -1668646.1 -1834263.8 -6681789.5    6120.2325 -3938.0891  -430.2563   -1668531.6 -1833308.1 -6682424.2    6130.9147 -3919.1841  -446.4386
1996/10/01  20:18:09.000     197469.7 -2941092.3 -6486295.8    6210.6371 -3405.7116  1743.8888     197451.5 -2941031.1 -6486302.4    6210.7921 -3405.4695  1743.6626
1996/10/01  20:23:09.000    2000153.5 -3842088.8 -5653152.2    5717.7603 -2548.7848  3761.4527    2000166.3 -3842148.2 -5652980.8    5714.6711 -2548.5094  3766.6853
1996/10/01  20:28:09.000    3574370.4 -4441408.1 -4262980.8    4701.7199 -1406.0433  5423.8874    3574405.7 -4441456.7 -4262987.7    4701.6699 -1405.8531  5423.8525
1996/10/01  20:33:09.000    4780011.5 -4665982.1 -2452010.7    3278.7156   -67.7984  6549.3529    4780019.8 -4666025.7 -2452001.3    3278.4609   -67.7637  6549.4030
1996/10/01  20:38:09.000    5514911.1 -4474155.2  -398253.0    1588.5206  1348.8190  7028.5284    5514818.0 -4474210.8  -398230.7    1589.3980  1348.8107  7028.2856
1996/10/01  20:43:09.000    5723794.3 -3862208.5  1695018.4    -197.8764  2710.4515  6810.1288    5723811.8 -3862204.0  1695010.9    -197.9518  2710.6496  6809.9922
1996/10/01  20:48:09.000    5403588.8 -2866929.9  3619916.4   -1911.0390  3881.9133  5915.3224    5403552.8 -2866905.4  3619897.3   -1910.6960  3882.0660  5915.3679
1996/10/01  20:53:09.000    4600987.9 -1564430.0  5185390.2   -3388.9867  4740.1458  4434.3031    4600916.8 -1564413.2  5185412.9   -3389.2124  4739.8774  4434.5404
1996/10/01  20:58:09.000    3406573.6   -64156.3  6236790.6   -4503.2098  5187.1988  2516.1962    3406607.0   -64169.6  6236755.3   -4503.3026  5187.0189  2516.4687
1996/10/01  21:03:09.000    1944431.2  1500554.7  6670622.8   -5163.9007  5162.9422   352.0171    1944459.6  1500540.3  6670615.1   -5163.7333  5163.0425   352.3623
1996/10/01  21:08:09.000     358132.8  2984683.9  6444955.4   -5328.2845  4650.8508 -1843.9356     358123.4  2984678.0  6444939.5   -5328.2186  4650.8423 -1844.0080
1996/10/01  21:13:09.000   -1203217.6  4244996.7  5582618.8   -5002.6118  3679.6581 -3856.7960   -1203301.9  4244990.1  5582628.5   -5002.5237  3679.6238 -3856.8051
1996/10/01  21:18:09.000   -2599359.3  5153912.1  4169116.7   -4237.7438  2323.7138 -5488.2779   -2599326.6  5153895.4  4169112.2   -4237.4852  2324.2180 -5488.2870
1996/10/01  21:23:09.000   -3710756.7  5612519.3  2344028.2   -3122.6918   700.8911 -6577.6233   -3710706.4  5612562.7  2344041.6   -3122.5569   700.2960 -6577.7161
1996/10/01  21:28:09.000   -4449692.9  5561936.4   287621.1   -1776.3621 -1044.5143 -7017.6364   -4449654.0  5561868.9   287644.5   -1776.1130 -1045.0688 -7017.7117
1996/10/01  21:33:09.000   -4766679.7  4989838.5 -1797122.3    -332.7172 -2746.9051 -6765.8758   -4766686.0  4989840.6 -1797151.5    -332.8471 -2747.2123 -6765.7163
1996/10/01  21:38:09.000   -4653457.2  3934554.0 -3705035.7    1070.4195 -4240.4965 -5848.4924   -4653384.2  3934473.6 -3705040.8    1070.6082 -4240.5846 -5848.4908
1996/10/01  21:43:09.000   -4140896.3  2481243.4 -5248740.3    2309.8539 -5375.2293 -4359.1410   -4140847.7  2481408.5 -5248770.1    2309.5851 -5375.8178 -4358.3520
1996/10/01  21:48:09.000   -3294354.1   756924.8 -6277380.9    3281.9245 -6035.1614 -2441.7783   -3294332.2   756775.2 -6277343.8    3282.6089 -6034.5528 -2442.4626
1996/10/01  21:53:09.000   -2205017.8 -1083936.1 -6690301.5    3919.5353 -6140.4266  -287.6192   -2205070.7 -1083903.5 -6690277.9    3918.9097 -6140.7615  -287.6070
1996/10/01  21:58:09.000    -980341.6 -2869571.9 -6446929.7    4181.9052 -5668.4693  1897.0789    -980410.0 -2869618.4 -6446874.1    4182.1411 -5668.1348  1897.4647
1996/10/01  22:03:09.000     266628.8 -4429431.3 -5569968.4    4070.9526 -4644.2640  3899.9950     266643.6 -4429442.6 -5570061.9    4070.7744 -4643.8993  3900.4193
1996/10/01  22:08:09.000    1427654.3 -5608700.0 -4144710.0    3615.9880 -3149.0536  5524.3857    1427633.7 -5608728.9 -4144648.3    3616.1654 -3149.0410  5524.2650
1996/10/01  22:13:09.000    2407925.3 -6284693.0 -2309852.3    2878.2647 -1313.9039  6606.4343    2407950.8 -6284702.5 -2309853.2    2878.3839 -1313.8670  6606.3504
1996/10/01  22:18:09.000    3134530.1 -6379924.4  -246320.0    1939.7758   691.9875  7035.8449    3134528.1 -6379894.7  -246316.7    1939.7058   692.0531  7035.8584
1996/10/01  22:23:09.000    3561272.5 -5871696.9  1841647.1     895.6457  2675.6526  6767.4709    3561253.2 -5871672.2  1841613.3     895.9180  2675.8563  6767.3024
1996/10/01  22:28:09.000    3671447.3 -4796235.6  3746653.0    -154.3118  4441.6582  5826.9785    3671472.1 -4796223.7  3746633.7    -154.1988  4441.8560  5826.7548
1996/10/01  22:33:09.000    3477196.9 -3246195.8  5279803.0   -1119.5583  5812.8480  4308.9335    3477283.2 -3246188.6  5279748.5   -1119.3714  5812.8188  4308.9804
1996/10/01  22:38:09.000    3015954.6 -1362212.4  6289440.8   -1923.7239  6649.0524  2366.0813    3015936.2 -1362206.7  6289415.0   -1924.4140  6648.7736  2366.5138
1996/10/01  22:43:09.000    2344014.6   680518.7  6676502.0   -2516.5129  6860.8432   192.9507    2344072.1   680509.0  6676466.1   -2515.8990  6861.0718   192.8484
1996/10/01  22:48:09.000    1530760.0  2688958.7  6403443.8   -2864.3794  6420.7226 -1997.7531    1530761.6  2688959.0  6403464.8   -2864.5347  6420.6933 -1997.3954
1996/10/01  22:53:09.000     650227.5  4470800.9  5497984.5   -2964.6812  5361.1057 -3988.9825     650264.7  4470789.7  5497956.6   -2964.7483  5360.9915 -3989.0162
1996/10/01  22:58:09.000    -224752.3  5852816.6  4049645.5   -2832.3007  3775.2783 -5586.3744    -224750.3  5852794.8  4049617.8   -2832.1729  3775.4739 -5586.3014
1996/10/01  23:03:09.000   -1028985.0  6697976.8  2201583.1   -2499.5629  1810.1054 -6632.0149   -1029015.9  6697969.5  2201532.6   -2499.7860  1810.2650 -6631.8532
1996/10/01  23:08:09.000   -1709155.0  6919522.3   136181.1   -2013.2992  -348.4534 -7022.5760   -1709160.6  6919485.5   136199.0   -2013.0115  -348.9046 -7022.6749
1996/10/01  23:13:09.000   -2226608.0  6489928.5 -1942601.6   -1423.8920 -2494.7628 -6721.2906   -2226601.2  6489940.4 -1942601.2   -1424.0540 -2494.9301 -6721.1383
1996/10/01  23:18:09.000   -2558642.6  5444778.2 -3830127.8    -786.0361 -4420.7903 -5758.8034   -2558711.8  5444634.9 -3830200.8    -786.1350 -4420.6019 -5758.9553
1996/10/01  23:23:09.000   -2698283.0  3878366.9 -5341405.0    -147.8794 -5939.8429 -4233.0184   -2698309.6  3878345.1 -5341395.6    -148.2149 -5939.9396 -4232.7942
1996/10/01  23:28:09.000   -2651774.8  1936117.9 -6328372.2     449.1356 -6906.0847 -2293.1668   -2651769.9  1936175.0 -6328403.6     448.7515 -6905.9975 -2293.1894
1996/10/01  23:33:09.000   -2436264.2  -200210.5 -6694801.6     973.9908 -7223.9568  -129.8094   -2436291.8  -200240.3 -6694794.4     973.7242 -7223.9460  -129.1263
1996/10/01  23:38:09.000   -2076880.0 -2329706.5 -6404433.0    1405.7118 -6859.0291  2049.7293   -2076869.0 -2329695.4 -6404389.9    1405.6523 -6859.0468  2049.7582
1996/10/01  23:43:09.000   -1603495.5 -4250057.2 -5484612.5    1732.2037 -5840.0795  4031.4744   -1603465.1 -4250032.2 -5484694.2    1732.1598 -5839.8864  4031.6491
1996/10/01  23:48:09.000   -1048667.8 -5777119.6 -4024698.0    1951.7616 -4259.6570  5618.0125   -1048690.7 -5777108.5 -4024733.1    1947.6536 -4257.4372  5621.4107
1996/10/01  23:53:09.000    -446133.4 -6762795.0 -2167186.6    2051.7824 -2259.1599  6659.3086    -446053.5 -6762734.2 -2167184.0    2051.4521 -2258.8728  6659.5912
1996/10/01  23:58:09.000     171226.2 -7109872.1   -94984.5    2046.1730   -35.1210  7039.7192     171271.3 -7109837.4   -95006.1    2046.2302   -35.2161  7039.7262
